10,205
10,27
10,193
10,267
10,197
10,175
10,281
10,23
10,3
9,7
9,5
9,2
9,3
8,10
8,15
8,7
8,13
8,14
37,2
37,0
36,4
36,3
36,2
36,1
36,0
35,4
35,3
35,2
35,1
35,0
32,3
32,2
32,1
20,3
20,2
20,1
19,3
19,2
19,1
12,3
12,2
12,1
11,28
11,27
11,26
11,25
11,24
11,23
11,22
11,21
11,20
11,19
11,18
11,17
11,16
11,15
11,14
11,13
11,12
11,11
11,10
11,9
11,8
11,7
11,6
11,5
11,4
11,3
11,2
11,1
10,303
10,301
10,300
10,294
10,288
10,284
10,268
10,266
10,258
18,1
10,255
18,3
10,254
10,252
10,248
10,244
10,240
10,235
10,234
10,230
10,229
10,225
10,206
10,200
10,132
10,106
10,1
10,86
10,2
9,6
9,1
